Object Byte ID | Row0 | Row1 | Row2 | Row3 | Row4 | Row5 | Row6 | Row7 | Row8 | Row9 | Row10 | Row11 | Row12 | Row13
------------------------------------------------------------------------------------------------------------------------
             0 |    0 |    0 |   -1 |    3 |   15 |    0 |    8 |    0 |   -1 |   -1 |   -1 |   -1 |    0 |    @
             1 |    0 |    3 |   -1 |    3 |   25 |    0 |    8 |    0 |   -1 |   -1 |   -1 |   -1 |    0 |     
             2 |   -1 |    0 |   83 |   15 |   -1 |    0 |   10 |    0 |   -1 |   -1 |   -1 |   -1 |    0 |     
             3 |    0 |   -1 |   -1 |   -1 |   -1 |    0 |   -3 |    1 |   -1 |   -1 |   -1 |   -1 |    0 |     
             4 |   -1 |    0 |   81 |  100 |   -1 |    0 |   25 |    0 |   -1 |   -1 |   -1 |   -1 |    0 |     
             5 |   -1 |   -1 |   -1 |   -1 |   -1 |    0 |  -10 |    1 | 3|1#8|1#6|1 |   -1 |   -1 |   -1 |    1 |     
             6 |   76 |   -1 |   -1 |   -1 |   -1 |    0 |   -3 |    0 |   -1 |   -1 |   -1 |   -1 |    0 |     
             7 |   76 |   -1 |   -1 |   -1 |   -1 |    0 |   -1 |    0 |   -1 |   -1 |   -1 |   -1 |    0 |     
             8 |    0 |   -1 |   -1 |   -1 |   -1 |    0 |   -3 |    0 |   -1 |   -1 |   -1 |   -1 |    0 |     
             9 |   -1 |   -1 |   -1 |   -1 |   -1 |    5 |  -20 |    0 | 8|3#12|1 | 76|1 |   -1 |   -1 |    2 |     
            10 |   -1 |   -1 |   -1 |   -1 |   -1 |   10 |  -30 |    0 | 36|4#91|5#93|2#13|4#39|3#21|2 | 5|1#77|1 |    9 |   -1 |    3 |     
            11 |    5 |   -1 |   -1 |   -1 |   -1 |    0 |   -3 |    0 |   -1 |   -1 |   -1 |   -1 |    0 |     
            12 |    0 |   -1 |   -1 |   -1 |   -1 |    0 |   -3 |    0 |   -1 |   -1 |   -1 |   -1 |    0 |     
            13 |    0 |   -1 |   -1 |   -1 |   -1 |    0 |   -3 |    0 |   -1 |   -1 |   -1 |   -1 |    0 |     
            14 |   -1 |   -1 |   -1 |   -1 |   -1 |    0 |   -5 |    1 | 6|1#38|1#13|1 |   -1 |   -1 |   -1 |    1 |     
            15 |   -1 |   -1 |   -1 |   -1 |   -1 |    5 |  -10 |    0 | 7|8#8|4#3|8 |   -1 |    9 |   -1 |    3 |     
            16 |   -1 |   -1 |   -1 |   -1 |   -1 |    5 |   -3 |    0 | 7|3#8|2#3|2 |   -1 |    9 |   -1 |    1 |     
            17 |   -1 |   -1 |   -1 |   -1 |   -1 |    0 |    0 |    0 |   -1 |   -1 |   -1 |   -1 |    2 |     
            18 |   -1 |   -1 |   -1 |   -1 |   -1 |    0 |    0 |    0 |   -1 |   -1 |   -1 |   -1 |    2 |     
            19 |   -1 |   -1 |   -1 |   -1 |   -1 |    0 |    0 |    0 | 54|1#93|3#13|8#91|5#36|6#39|5 | 78|1#77|1#80|1#23|1#22|1#79|1 |   18 |   -1 |    4 |     
            20 |   76 |   -1 |   -1 |   -1 |   -1 |    0 |    0 |    0 |   -1 |   -1 |   -1 |   -1 |    0 |     
            21 |   92 |   -1 |   -1 |   -1 |   -1 |    0 |  -20 |    0 |   -1 |   -1 |   -1 |   -1 |    0 |     
            22 |    0 |   -1 |   -1 |   -1 |   -1 |    0 |    0 |    0 |   -1 |   -1 |   -1 |   -1 |    1 |     
            23 |    0 |   -1 |   -1 |   -1 |   -1 |    0 |    0 |    0 |   -1 |   -1 |   -1 |   -1 |    1 |     
            24 |    0 |    0 |   -1 |    6 |    3 |    0 |    5 |    0 |   -1 |   -1 |   -1 |   -1 |    0 |     
            25 |    0 |    0 |   -1 |    3 |    3 |    0 |    5 |    0 |   -1 |   -1 |   -1 |   -1 |    0 |     
            26 |   76 |    0 |   -1 |    5 |   -1 |    0 |    5 |    0 |   -1 |   -1 |   -1 |   -1 |    0 |     
            27 |   76 |   76 |   -1 |    5 |   25 |    0 |    8 |    0 |   -1 |   -1 |   -1 |   -1 |    0 |     
            28 |    0 |    0 |   -1 |    2 |    5 |    0 |    3 |    0 |   -1 |   -1 |   -1 |   -1 |    0 |     
            29 |    0 |   -1 |   -1 |   -1 |   -1 |    0 |   -5 |    0 | 44|1#68|1 | 76|1 |   -1 |   -1 |    0 |     
            30 |    0 |   16 |   -1 |    3 |   -1 |    0 |    5 |    0 |   -1 |   -1 |   -1 |   -1 |    0 |     
            31 |    0 |   16 |   -1 |   -1 |   -1 |    0 |  -50 |    0 |   -1 |   -1 |   -1 |   -1 |    0 |     
            32 |    0 |   16 |   -1 |    3 |   -1 |    0 |    6 |    0 |   -1 |   -1 |   -1 |   -1 |    0 |     
            33 |    0 |   16 |   -1 |    3 |   -1 |    0 |    7 |    0 |   -1 |   -1 |   -1 |   -1 |    0 |     
            34 |   -1 |   -1 |   -1 |   -1 |   -1 |    5 |  -20 |    0 | 38|1#37|2#91|4 | 78|1#77|1 |   10 |   -1 |    1 |     
            35 |   76 |   -1 |   -1 |   -1 |   -1 |    0 |   -3 |    0 |   -1 |   -1 |   -1 |   -1 |    0 |     
            36 |   -1 |   -1 |   -1 |   -1 |   -1 |    0 |   -4 |    0 | 11|1 | 76|1 |   -1 |   -1 |    0 |     
            37 |   -1 |   -1 |   -1 |   -1 |   -1 |    0 |   -4 |    0 | 11|1 | 89|1 |    9 |   -1 |    0 |     
            38 |   96 |   -1 |   -1 |   -1 |   -1 |    0 |  -20 |    0 |   -1 |   -1 |   -1 |   -1 |    0 |     
            39 |   76 |   -1 |   -1 |   -1 |   -1 |    0 |   -3 |    0 |   -1 |   -1 |   -1 |   -1 |    0 |     
            40 |   -1 |    0 |   14 |   20 |   -1 |    0 |   30 |    0 |   -1 |   -1 |   -1 |   -1 |    0 |     
            41 |   -1 |   16 |   81 |   20 |   -1 |    0 |   10 |    0 |   -1 |   -1 |   -1 |   -1 |    0 |     
            42 |   -1 |    0 |   81 |  100 |   -1 |    0 |   30 |    0 |   -1 |   -1 |   -1 |   -1 |    0 |     
            43 |   -1 |    0 |   81 |  100 |   -1 |    0 |   30 |    0 |   -1 |   -1 |   -1 |   -1 |    0 |     
            44 |   -1 |    0 |   81 |   80 |   -1 |    0 |   50 |    0 |   -1 |   -1 |   -1 |   -1 |    0 |     
            45 |   -1 |   -1 |   -1 |   -1 |   -1 |    0 |   -5 |    0 | 8|5#3|1 | 76|1#81|1 |    9 |   -1 |    0 |     
            46 |   -1 |    0 |   81 |   10 |   -1 |    0 |   10 |    0 |   -1 |   -1 |   -1 |   -1 |    0 |     
            47 |   -1 |   16 |   81 |   10 |   -1 |    0 |   50 |    0 |   -1 |   -1 |   -1 |   -1 |    0 |     
            48 |   -1 |   16 |   81 |   20 |   -1 |    0 |   10 |    0 |   -1 |   -1 |   -1 |   -1 |    0 |     
            49 |   -1 |   16 |   81 |   30 |   -1 |    0 |   10 |    0 |   -1 |   -1 |   -1 |   -1 |    0 |     
            50 |   -1 |   -1 |   -1 |   -1 |   -1 |    5 |  -10 |    0 | 37|4#91|2#20|2#35|2 | 5|1#76|1 |   10 |   -1 |    5 |     
            51 |   -1 |    0 |   81 |    5 |   -1 |    0 |    5 |    0 |   -1 |   -1 |   -1 |   -1 |    0 |     
            52 |   -1 |    0 |   81 |    5 |   -1 |    0 |    5 |    0 |   -1 |   -1 |   -1 |   -1 |    0 |     
            53 |   -1 |    0 |   81 |   10 |   -1 |    0 |    5 |    0 |   -1 |   -1 |   -1 |   -1 |    0 |     
            54 |   -1 |   -1 |   -1 |   -1 |   -1 |    0 |  -10 |    0 | 12|4#118|1#116|1 | 86|1#97|1 |   -1 |   -1 |    0 |     
            55 |   -1 |    0 |   81 |  100 |   -1 |    0 |  100 |    0 |   -1 |   -1 |   -1 |   -1 |    0 |     
            56 |   -1 |    0 |   14 |   25 |   -1 |    0 |   25 |    0 |   -1 |   -1 |   -1 |   -1 |    0 |     
            57 |   -1 |    0 |   14 |   30 |   -1 |    0 |   10 |    0 |   -1 |   -1 |   -1 |   -1 |    0 |     
            58 |   -1 |    0 |   14 |   20 |   -1 |    0 |   50 |    0 |   -1 |   -1 |   -1 |   -1 |    0 |     
            59 |   -1 |    0 |   83 |   20 |   -1 |    0 |   10 |    0 |   -1 |   -1 |   -1 |   -1 |    0 |     
            60 |   -1 |   -1 |   -1 |   -1 |   -1 |    5 |  -10 |    0 | 119|3#64|4 | 34|1 |   10 |   -1 |    5 |     
            61 |   -1 |    0 |   81 |   30 |   -1 |    0 |   10 |    0 |   -1 |   -1 |   -1 |   -1 |    0 |     
            62 |   -1 |    0 |   81 |    5 |   -1 |    0 |    5 |    0 |   -1 |   -1 |   -1 |   -1 |    0 |     
            63 |   -1 |    0 |   81 |    5 |   -1 |    0 |    5 |    0 |   -1 |   -1 |   -1 |   -1 |    0 |     
            64 |    0 |   16 |   -1 |    3 |    5 |    0 |    5 |    0 |   -1 |   -1 |   -1 |   -1 |    0 |     
            65 |    0 |   16 |   -1 |    4 |    5 |    0 |   10 |    0 |   -1 |   -1 |   -1 |   -1 |    0 |     
            66 |    0 |   76 |   -1 |    5 |    5 |    0 |   30 |    0 |   -1 |   -1 |   -1 |   -1 |    0 |     
            67 |    0 |   16 |   -1 |    4 |    5 |    0 |    7 |    0 |   -1 |   -1 |   -1 |   -1 |    0 |     
            68 |    0 |   16 |   -1 |    4 |    5 |    0 |   20 |    0 |   -1 |   -1 |   -1 |   -1 |    0 |     
            69 |    0 |   -1 |   -1 |   -1 |   -1 |    0 |   -5 |    0 | 4|1#68|1 | 76|1 |   -1 |   -1 |    0 |     
            70 |    0 |   16 |   -1 |    4 |    5 |    0 |   25 |    0 |   -1 |   -1 |   -1 |   -1 |    0 |     
            71 |   76 |    0 |   -1 |    5 |    5 |    0 |   15 |    0 |   -1 |   -1 |   -1 |   -1 |    0 |     
            72 |    0 |   16 |   -1 |    6 |    5 |    0 |   20 |    0 |   -1 |   -1 |   -1 |   -1 |    0 |     
            73 |    0 |   16 |   -1 |    4 |    5 |    0 |   10 |    0 |   -1 |   -1 |   -1 |   -1 |    0 |     
            74 |    0 |   16 |   -1 |    3 |    5 |    0 |   15 |    0 |   -1 |   -1 |   -1 |   -1 |    0 |     
            75 |    0 |    0 |   -1 |    5 |    5 |    0 |   10 |    0 |   -1 |   -1 |   -1 |   -1 |    0 |     
            76 |    0 |   -1 |   -1 |   -1 |   -1 |    0 |   -2 |    1 |   -1 |   -1 |   -1 |   -1 |    1 |     
            77 |    0 |   -1 |   -1 |   -1 |   -1 |    0 |   -8 |    1 |   -1 |   -1 |   -1 |   -1 |    1 |     
            78 |    0 |   -1 |   -1 |   -1 |   -1 |    0 |   -8 |    1 |   -1 |   -1 |   -1 |   -1 |    1 |     
            79 |    0 |   -1 |   -1 |   -1 |   -1 |    0 |    0 |    0 |   -1 |   -1 |   -1 |   -1 |    1 |     
            80 |    0 |   -1 |   -1 |   -1 |   -1 |    0 |    0 |    0 |   -1 |   -1 |   -1 |   -1 |    1 |     
            81 |   -1 |   -1 |   -1 |   -1 |   -1 |    0 |  -10 |    1 | 36|1#91|1 | 76|1 |    9 |   -1 |    1 |     
            82 |   -1 |   -1 |   -1 |   -1 |   -1 |    0 |   -3 |    0 | 36|3 | 76|1#16|1 |    9 |   -1 |    1 |     
            83 |   -1 |   -1 |   -1 |   -1 |   -1 |    0 |  -10 |    1 | 91|4#3|4 | 76|1 |    9 |   -1 |    1 |     
            84 |   -1 |   -1 |   -1 |   -1 |   -1 |    0 |    0 |    0 |   -1 |   -1 |   -1 |   -1 |    2 |     
            85 |   -1 |   -1 |   -1 |   -1 |   -1 |    5 |  -10 |    0 | 37|4#38|1#35|3#39|6#21|1 | 78|1 |   10 |   -1 |    5 |     
            86 |    0 |   -1 |   -1 |   -1 |   -1 |    0 |   -3 |    0 |   -1 |   -1 |   -1 |   -1 |    1 |     
            87 |   -1 |   -1 |   -1 |   -1 |   -1 |    0 |   -2 |    0 | 20|5 | 88|1#16|1 |    9 |   -1 |    1 |     
            88 |   -1 |   -1 |   -1 |   -1 |   -1 |    0 |  -20 |    0 | 36|1#38|1#91|2#37|1 |  5|1 |    9 |   -1 |    1 |     
            89 |    0 |   -1 |   -1 |   -1 |   -1 |    0 |    0 |    1 |   -1 |   -1 |   -1 |   -1 |    1 |     
            90 |   76 |   -1 |   -1 |   -1 |   -1 |    0 |   -3 |    0 |   -1 |   -1 |   -1 |   -1 |    0 |     
            91 |   -1 |   -1 |   -1 |   -1 |   -1 |    0 |   -3 |    0 | 6|2#8|1 | 76|1 |    9 |   -1 |    0 |     
            92 |    0 |   -1 |   -1 |   -1 |   -1 |    0 |  -30 |    0 |   -1 |   -1 |   -1 |   -1 |    1 |     
            93 |   78 |   -1 |   -1 |   -1 |   -1 |    0 |  -20 |    0 |   -1 |   -1 |   -1 |   -1 |    0 |     
            94 |   -1 |   -1 |   -1 |   -1 |   -1 |   10 |  -30 |    0 | 36|6#91|5#37|5#13|5#35|3#39|4 | 78|1#77|1 |   84 |   -1 |    6 |     
            95 |   -1 |   -1 |   -1 |   -1 |   -1 |    0 |    0 |    0 |   -1 |   -1 |   -1 |   -1 |    2 |     
            96 |    0 |   -1 |   -1 |   -1 |   -1 |    0 |   -5 |    1 |   -1 |   -1 |   -1 |   -1 |    1 |     
            97 |    0 |   -1 |   -1 |   -1 |   -1 |    0 |   -2 |    1 |   -1 |   -1 |   -1 |   -1 |    1 |     
            98 |   76 |   -1 |   -1 |   -1 |   -1 |    0 |   -3 |    0 |   -1 |   -1 |   -1 |   -1 |    0 |     
            99 |   -1 |   -1 |   -1 |   -1 |   -1 |    1 |  -15 |    0 | 12|2#116|1 | 86|1#97|1 |   10 |    1 |    7 |     
           100 |   -1 |   -1 |   -1 |   -1 |   -1 |    4 |  -30 |    0 | 118|1#116|2#65|8 | 86|1#97|1 |   10 |    1 |    7 |     
           101 |   -1 |   -1 |   -1 |   -1 |   -1 |    2 |  -10 |    0 | 69|1#115|1 | 86|1#76|1 |    9 |    1 |    7 |     
           102 |   -1 |   -1 |   -1 |   -1 |   -1 |    3 |  -20 |    0 | 29|1#115|1#64|6 | 86|1#97|1 |   10 |    1 |    7 |     
           103 |   -1 |   -1 |   -1 |   -1 |   -1 |    4 |  -20 |    0 | 118|1#116|2#64|2 | 86|1#97|1 |   10 |    3 |    8 |     
           104 |   -1 |   -1 |   -1 |   -1 |   -1 |    1 |  -10 |    0 | 7|5#6|1 |   -1 |   -1 |    3 |    8 |     
           105 |   -1 |   -1 |   -1 |   -1 |   -1 |    2 |  -15 |    0 | 69|1#115|1 | 86|1#76|1 |    9 |    3 |    8 |     
           106 |   -1 |   -1 |   -1 |   -1 |   -1 |    3 |  -30 |    0 | 29|2#115|1#64|1#91|1 | 86|1#97|1 |   10 |    3 |    8 |     
           107 |   -1 |   -1 |   -1 |   -1 |   -1 |    3 |  -20 |    0 | 29|2#115|1 | 86|1#97|1 |    9 |    2 |    9 |     
           108 |   -1 |   -1 |   -1 |   -1 |   -1 |    4 |  -30 |    0 | 29|1#118|1#116|1#64|2 | 86|1#97|1 |   10 |    2 |    9 |     
           109 |   -1 |   -1 |   -1 |   -1 |   -1 |    1 |  -10 |    0 | 7|4#6|2 |   -1 |   -1 |    2 |    9 |     
           110 |   -1 |   -1 |   -1 |   -1 |   -1 |    2 |  -15 |    0 | 69|1#115|2 | 86|1#76|1 |    9 |    2 |    9 |     
           111 |   -1 |   -1 |   -1 |   -1 |   -1 |    4 |  -30 |    0 | 29|1#115|1 | 86|1#97|1 |   10 |    0 |   10 |     
           112 |   -1 |   -1 |   -1 |   -1 |   -1 |    1 |  -10 |    0 | 7|6#6|1 |   -1 |   -1 |    0 |   10 |     
           113 |   -1 |   -1 |   -1 |   -1 |   -1 |    3 |  -20 |    0 | 7|8#35|5 | 76|1 |    9 |    0 |   10 |     
           114 |   -1 |   -1 |   -1 |   -1 |   -1 |    2 |  -15 |    0 | 69|1#115|1 | 86|1#76|1 |    9 |    0 |   10 |     
           115 |   -1 |   -1 |   -1 |   -1 |   -1 |    0 |   -5 |    0 | 119|1#36|1#72|1 | 76|1 |    9 |   -1 |    0 |     
           116 |   -1 |   -1 |   -1 |   -1 |   -1 |    0 |   -5 |    0 | 98|2#37|1#70|1 | 76|1 |    9 |   -1 |    0 |     
           117 |   -1 |   -1 |   -1 |   -1 |   -1 |    5 |  -30 |    0 | 36|4#37|2#91|4 | 78|1#77|1 |   10 |   -1 |    1 |     
           118 |   -1 |   -1 |   -1 |   -1 |   -1 |    0 |   -5 |    0 | 116|1#65|4 | 117|1 |   10 |   -1 |    0 |     
           119 |   -1 |   -1 |   -1 |   -1 |   -1 |    0 |   -5 |    0 |  4|1 | 97|1 |   -1 |   -1 |    0 |     
